%YAML:1.0
calibrationDate: "Sun Apr 17 16:49:57 2016\n"
num_boards: 26
imageSize:
   - 640
   - 480
# flags: + use_intrinsic_guess
stereoCalibrateFlags: 1
leftCameraMatrix: !!opencv-matrix
   rows: 3
   cols: 3
   dt: d
   data: [ 7.1522253e+02, 0.,  3.3788845e+02, 0.,
       7.1568566e+02, 2.1814494e+02, 0., 0., 1. ]
leftDistortCoefficients: !!opencv-matrix
   rows: 1
   cols: 8
   dt: d
   data: [  -1.4149e-01, -3.559e-02, -1.68e-03, 1.23e-03,
       0, 0., 0., 0. ]
rightCameraMatrix: !!opencv-matrix
   rows: 3
   cols: 3
   dt: d
   data: [ 7.1288662e+02, 0., 3.1903278e+02, 0.,
       7.1235687e+02, 2.1250460e+02, 0., 0., 1. ]
rightDistortCoefficients: !!opencv-matrix
   rows: 1
   cols: 8
   dt: d
   data: [ -1.5916e-01, 9.039e-02, 2.2e-04, 2.24e-03,
       0, 0., 0., 0. ]
rotationMatrix: !!opencv-matrix
   rows: 1
   cols: 3
   dt: d
   data: [ 3.9e-04, -3.16e-03,-3.72e-03]
translationVector: !!opencv-matrix
   rows: 3
   cols: 1
   dt: d
   data: [ -3.964943e+01, 5.601e-02,
       -1.19973e+00 ]
